.__C__linreg <-
<S4 object of class structure("refClassRepresentation", package = "methods")>
.__global__ <-
c("formula", "data", "parsedata", "beta", "ybar", "ebar", "ddf", 
"sigma_sq", "varian", "stdres", "var_beta", "t_beta", "p", "summary", 
"coef", "resid", "pred", "plot", "print", "initialize", "field", 
"trace", "getRefClass", "initFields", "copy", "callSuper", ".objectPackage", 
"export", "untrace", "getClass", "show", "usingMethods", ".objectParent", 
"import")
.Random.seed <-
c(403L, 11L, -1946888329L, 2116446366L, 2060875608L, 1910391483L, 
-1186902951L, 343848936L, -1421147626L, -1729084015L, -576078269L, 
392981842L, 1897353700L, 713707559L, 934435965L, -154328716L, 
810806618L, -48804955L, 92691391L, 544032838L, -1250539824L, 
-1283600141L, 828917265L, 930627648L, -762280930L, 1711026921L, 
20645915L, -1392705494L, -257998004L, 601035023L, -687987643L, 
-982850052L, 741508178L, 1378239949L, 1808938887L, 1804771950L, 
-2024132024L, -635673525L, 1221023145L, -43833096L, 608668710L, 
-578597567L, -1370924333L, -1827913086L, -2033424204L, -475699145L, 
634051373L, -1662742460L, -759186070L, -493024811L, 60563311L, 
987391606L, 1229203872L, 1337519715L, 267097857L, 1021281904L, 
1155605006L, -1684493703L, -87443957L, 811788090L, -401490372L, 
1469998463L, -882161963L, -1736472852L, -1756882878L, -1765785699L, 
46247447L, -908463234L, 1638990136L, -337056229L, 1272704889L, 
-44426808L, 491709942L, -1998264271L, -339115421L, -235880910L, 
1233529732L, 1533282759L, 2027085981L, -553846764L, -313184582L, 
1745510149L, -168031009L, -1140343450L, -524076816L, 1220148243L, 
2069557681L, 1454599264L, -1838691842L, -803664503L, -1488647493L, 
41490058L, -1175240340L, -1745889553L, -1605545691L, 1956900828L, 
-1141719630L, 1807715501L, -27644825L, -608423026L, 1176835176L, 
-1266790293L, -1992795639L, 368796824L, -1169803322L, -1037006047L, 
1145341875L, 1660808994L, -611729132L, 243134871L, -1171541619L, 
-1336772444L, -1187540342L, -1650112267L, -411123889L, 1383000150L, 
-826436864L, -1159248317L, 1713397217L, 49850704L, 1003200430L, 
-445311655L, 800519019L, -2120076582L, 2106712988L, 503734175L, 
1376839157L, 1227737228L, -1034532510L, 66471229L, -852621897L, 
1525633630L, 917975960L, 1281776379L, -555789671L, 1859525416L, 
1884965334L, -1076349359L, 2031793411L, -449271662L, -1896210908L, 
767426791L, 1685083453L, -355896908L, 1132678682L, -2022396571L, 
-1902619649L, -714280314L, 43774480L, -782071629L, 1872855889L, 
832728832L, -1150566946L, 2020116009L, 2062527963L, 1218638570L, 
837214348L, -1738076209L, -948484219L, 1899947068L, -1725004526L, 
1848021517L, -1604425401L, -42501330L, 1437046408L, 1887477643L, 
1115148137L, 735625528L, -1508475930L, -1804473471L, 1039090451L, 
371879106L, 1835911028L, 1913219959L, -833115027L, 719831812L, 
2029754922L, -1560414315L, -203867089L, -1340533450L, -2084725408L, 
661314467L, 639532225L, -796377936L, 60267470L, -357761223L, 
-2092359861L, -2067518214L, 647247356L, 1471587903L, 1741118229L, 
93435948L, -255776510L, 673317341L, 542204119L, 984574910L, 1531403768L, 
-1729426981L, -1880979399L, 722317704L, 682646838L, 849291121L, 
-1186966109L, 948127986L, 325170244L, -162746617L, 533552861L, 
-749346860L, -1261302022L, -1774497211L, -1264106849L, 1100853286L, 
-1323019088L, -1254165165L, 1837052017L, 2021526944L, -118128322L, 
331378761L, 2038183163L, -1466213174L, -1341890004L, 1537054255L, 
-559950107L, -1367090276L, -1472287246L, -1876723603L, -1600286297L, 
1111827406L, -612808408L, -1812742510L, -283396832L, 1282309580L, 
-592769312L, -1837417278L, -882308056L, -288947284L, 1326786236L, 
-2122237966L, -1421745616L, 1406761892L, -218106440L, 1473025882L, 
784677008L, 252241788L, 26146068L, 81064258L, -1782891264L, -244268612L, 
2146667856L, 1979693346L, -894500280L, -888050676L, -1860877732L, 
902690258L, 1199627776L, -46231212L, -830221080L, -923002630L, 
1039991504L, 808898348L, -1175638796L, 1495172498L, -1215252128L, 
-2025027572L, 821577952L, 2082006626L, 1130680488L, 1916561484L, 
1957869436L, -1076253390L, 1871257200L, -1256356028L, 1653705688L, 
779243386L, 1396839472L, -462954564L, 1891088980L, 1683677250L, 
-676432224L, 1924270780L, -1337010224L, 2144377186L, -926958872L, 
1023300812L, 1114368508L, -1296154126L, -20422528L, -921846284L, 
-1107363192L, -393210054L, 607095120L, -26949524L, 1080788372L, 
1429388370L, 1191797216L, 1436762316L, 1393322656L, 384328066L, 
1809159400L, 373095148L, 83714364L, -750453646L, 507371120L, 
1897637412L, -510185416L, 659625242L, 576598224L, -454935236L, 
-1776509036L, -1164023934L, 430948288L, -923029956L, -1166782064L, 
401097762L, -1671626488L, -725707636L, 709960476L, -2041184110L, 
-1499623040L, -181973996L, 420644648L, -1389973958L, -685407792L, 
-1082257044L, -990081100L, -1193499118L, 462246880L, 900969932L, 
974005472L, -1153804254L, -1424933080L, -1738766836L, 118070076L, 
2112789490L, -685919504L, -1407925692L, -767297960L, -788046022L, 
1619770352L, -1978364228L, 1399827732L, -582070078L, -813652896L, 
-368807556L, 406413264L, 1558882594L, -867762520L, 361759628L, 
1578525884L, 1709360946L, 415625792L, 262409396L, -1502387128L, 
783327674L, -1539781104L, -166090516L, -922279596L, -826466542L, 
-332638816L, 1664674508L, -18831776L, -1178050622L, -241108184L, 
1585173932L, 1686567228L, 2053662578L, 371415344L, -1547284700L, 
-287347400L, 126823130L, 2134828944L, 130757372L, 1194700692L, 
-22620094L, 378486016L, 33420348L, 1699026256L, 787368098L, -1902217400L, 
-700870900L, -883332388L, 1864948562L, -638737792L, 424364116L, 
202675176L, -23894278L, -86568624L, -1920144596L, -2067312780L, 
-92623982L, 1951800928L, 1934524300L, -1700732064L, 1414103010L, 
-580575320L, -14375732L, 792890876L, 933028786L, -784199184L, 
1720365508L, -351198888L, -1425013382L, -1797201488L, 1554558908L, 
1040564308L, -867302462L, 1935383584L, -1886085956L, -1381449136L, 
1796425698L, 1396485736L, 1543420492L, 935403772L, -642658318L, 
1365054720L, 1530072948L, -640364536L, 1413795258L, -651393584L, 
-1485734932L, -1904423020L, 991355858L, -1621624992L, 836209996L, 
1084751136L, -1331272830L, -1478409496L, 172631276L, -552979908L, 
-260517006L, -1503237520L, 1869332516L, 2146176824L, 798766234L, 
931388112L, -457357124L, 1522611860L, -924823934L, -1274401600L, 
-1916108484L, 1838373008L, 2108715554L, -1612714488L, -1564874484L, 
-765248868L, 1309177362L, 1677428096L, -997538284L, -94536152L, 
-1554680518L, 519956432L, -308600212L, 878104372L, -23410030L, 
-1644746400L, -1039541940L, 740801113L, -387052597L, -872408004L, 
-40934806L, 1531207839L, -886798039L, 85605822L, 319057068L, 
2082642429L, -953605817L, -1348904400L, -1455989938L, -1857503365L, 
1855768797L, -544866038L, 137196584L, -614020975L, -254092157L, 
1629506948L, 207326130L, -2143292153L, -999633071L, 2129747670L, 
-1747277900L, -976574523L, 1418041103L, 1832281480L, -1305612122L, 
1114480723L, 42813877L, -451150062L, -1684536096L, -218617527L, 
-1953655941L, 1457335884L, 262471642L, -858325553L, 1968851865L, 
-771744850L, 1960132796L, 1950824749L, 156281559L, 1933316896L, 
1293608062L, -1585239477L, 2023356493L, 200595066L, 746897080L, 
-866861983L, -566268397L, -878812108L, -1956042174L, -2103419305L, 
-1027156575L, -656722330L, 1639781988L, 906728853L, -306714945L, 
220970584L, -855053706L, 1971201667L, 1185012421L, 513804258L, 
719393360L, -1102153863L, 177097899L, -746789860L, 742601546L, 
-1679477953L, 1547853193L, -1944885858L, 931601484L, 1688825373L, 
1288561575L, -212900144L, -344672146L, -1339085029L, 1183264893L, 
982638186L, -1030357240L, 1863360433L, 998725667L, 1201154340L, 
-418636334L, -812212697L, -968480655L, 1071808182L, 459199060L, 
1427271397L, -484914449L, 552740392L, 1975243398L, 110062771L, 
-414649835L, 742200434L, -2006953792L, 297780521L, 1215470491L, 
-439890836L, 44462202L, 495155631L, -1108070215L, 127722190L, 
851263516L, -1460522099L, -1629098505L, 44171520L, -1866526882L, 
2117163051L, 2010552109L, 1323113370L, 469580120L, 1735556289L, 
